# https://dodona.be/en/courses/5645/series/71603/activities/1851872858

X_bar <- 1.8571
Y_bar <- 2.1429
Z_bar <- 15.5714

SS_X   <- 28.857
SS_Y   <- 10.857
SS_Z   <- 13.7143

SCP_XY <- 8.143
SCP_XZ <- 8.5711
SCP_YZ <- 6.4289

Var_X  <- 4.8095
Var_Y  <- 1.8095
Var_Z  <- 2.2857

SD_X   <- 2.1931
SD_Y   <- 1.3452
SD_Z   <- 1.5119

Cov_XY <- 1.3572
Cov_XZ <- 1.4285
Cov_YZ <- 1.0715

r_XY <- 0.46
r_XZ <- 0.4308
r_YZ <- 0.5268

r_XY_teller <- 0.2331
r_XY_noemer <- 0.7671
r_XY_Z      <- 0.3039

conclusie_type <- 2   # indirect verband (r daalt van 0.46 naar 0.30)