# https://dodona.be/en/courses/5645/series/71603/activities/824415573

r_XY <- -0.44
r_XZ <- -0.68
r_YZ <-  0.82

r_XY_teller <- 0.1176
r_XY_noemer <- 0.4197
r_XY_Z      <- 0.2802

conclusie_type <- 4   # tekenwisseling (r_XY negatief → r_XY.Z positief)

